goals:  
  goal1: [-1.74223780632,4.02753686905]
  goal2: [-6.42566776276,3.60177087784]
  goal3: [-6.51082134247,2.96312046051]
  goal4: [-0.867420077324,0.738293766975]
  goal5: [-2.6376581192,2.57477116585]